 10368  1152  384  21888  1152  21888 
 10368  2153  384  21888  2153  21888 
 10368  2304  384  21888  2304  21888 
 10368  384  384  21888  384  21888 
 10368  768  384  21888  768  21888 
 10752  1536  384  21888  1536  21888 
 10752  1920  384  21888  1920  21888 
 10752  2153  384  21888  2153  21888 
 10752  2304  384  21888  2304  21888 
 10752  384  384  21888  384  21888 
 11136  1152  384  21888  1152  21888 
 11136  1536  384  21888  1536  21888 
 11136  1920  384  21888  1920  21888 
 11136  2153  384  21888  2153  21888 
 11136  2304  384  21888  2304  21888 
 11136  768  384  21888  768  21888 
 11520  1152  384  21888  1152  21888 
 11520  2153  384  21888  2153  21888 
 11520  2304  384  21888  2304  21888 
 11520  384  384  21888  384  21888 
 11520  768  384  21888  768  21888 
 1152  1152  384  21888  1152  21888 
 1152  2153  384  21888  2153  21888 
 1152  2304  384  21888  2304  21888 
 1152  384  384  21888  384  21888 
 1152  768  384  21888  768  21888 
 11904  1536  384  21888  1536  21888 
 11904  1920  384  21888  1920  21888 
 11904  2153  384  21888  2153  21888 
 11904  2304  384  21888  2304  21888 
 11904  384  384  21888  384  21888 
 12288  1152  384  21888  1152  21888 
 12288  1536  384  21888  1536  21888 
 12288  1920  384  21888  1920  21888 
 12288  2153  384  21888  2153  21888 
 12288  2304  384  21888  2304  21888 
 12288  768  384  21888  768  21888 
 12672  1152  384  21888  1152  21888 
 12672  2153  384  21888  2153  21888 
 12672  2304  384  21888  2304  21888 
 12672  384  384  21888  384  21888 
 12672  768  384  21888  768  21888 
 13056  1536  384  21888  1536  21888 
 13056  1920  384  21888  1920  21888 
 13056  2153  384  21888  2153  21888 
 13056  2304  384  21888  2304  21888 
 13056  384  384  21888  384  21888 
 13440  1152  384  21888  1152  21888 
 13440  1536  384  21888  1536  21888 
 13440  1920  384  21888  1920  21888 
 13440  2153  384  21888  2153  21888 
 13440  2304  384  21888  2304  21888 
 13440  768  384  21888  768  21888 
 13824  1152  384  21888  1152  21888 
 13824  2153  384  21888  2153  21888 
 13824  2304  384  21888  2304  21888 
 13824  384  384  21888  384  21888 
 13824  768  384  21888  768  21888 
 14208  1536  384  21888  1536  21888 
 14208  1920  384  21888  1920  21888 
 14208  2153  384  21888  2153  21888 
 14208  2304  384  21888  2304  21888 
 14208  384  384  21888  384  21888 
 14592  1152  384  21888  1152  21888 
 14592  1536  384  21888  1536  21888 
 14592  1920  384  21888  1920  21888 
 14592  2153  384  21888  2153  21888 
 14592  2304  384  21888  2304  21888 
 14592  768  384  21888  768  21888 
 14976  1152  384  21888  1152  21888 
 14976  2153  384  21888  2153  21888 
 14976  2304  384  21888  2304  21888 
 14976  384  384  21888  384  21888 
 14976  768  384  21888  768  21888 
 15360  1536  384  21888  1536  21888 
 15360  1920  384  21888  1920  21888 
 15360  2153  384  21888  2153  21888 
 15360  2304  384  21888  2304  21888 
 15360  384  384  21888  384  21888 
 1536  1536  384  21888  1536  21888 
 1536  1920  384  21888  1920  21888 
 1536  2153  384  21888  2153  21888 
 1536  2304  384  21888  2304  21888 
 1536  384  384  21888  384  21888 
 15744  1152  384  21888  1152  21888 
 15744  1536  384  21888  1536  21888 
 15744  1920  384  21888  1920  21888 
 15744  2153  384  21888  2153  21888 
 15744  2304  384  21888  2304  21888 
 15744  768  384  21888  768  21888 
 16128  1152  384  21888  1152  21888 
 16128  2153  384  21888  2153  21888 
 16128  2304  384  21888  2304  21888 
 16128  384  384  21888  384  21888 
 16128  768  384  21888  768  21888 
 16512  1536  384  21888  1536  21888 
 16512  1920  384  21888  1920  21888 
 16512  2153  384  21888  2153  21888 
 16512  2304  384  21888  2304  21888 
 16512  384  384  21888  384  21888 
 16896  1152  384  21888  1152  21888 
 16896  1536  384  21888  1536  21888 
 16896  1920  384  21888  1920  21888 
 16896  2153  384  21888  2153  21888 
 16896  2304  384  21888  2304  21888 
 16896  768  384  21888  768  21888 
 17280  1152  384  21888  1152  21888 
 17280  2153  384  21888  2153  21888 
 17280  2304  384  21888  2304  21888 
 17280  384  384  21888  384  21888 
 17280  768  384  21888  768  21888 
 17664  1536  384  21888  1536  21888 
 17664  1920  384  21888  1920  21888 
 17664  2153  384  21888  2153  21888 
 17664  2304  384  21888  2304  21888 
 17664  384  384  21888  384  21888 
 18048  1152  384  21888  1152  21888 
 18048  1536  384  21888  1536  21888 
 18048  1920  384  21888  1920  21888 
 18048  2153  384  21888  2153  21888 
 18048  2304  384  21888  2304  21888 
 18048  768  384  21888  768  21888 
 18432  1152  384  21888  1152  21888 
 18432  2153  384  21888  2153  21888 
 18432  2304  384  21888  2304  21888 
 18432  384  384  21888  384  21888 
 18432  768  384  21888  768  21888 
 18816  1536  384  21888  1536  21888 
 18816  1920  384  21888  1920  21888 
 18816  2153  384  21888  2153  21888 
 18816  2304  384  21888  2304  21888 
 18816  384  384  21888  384  21888 
 19200  1152  384  21888  1152  21888 
 19200  1536  384  21888  1536  21888 
 19200  1920  384  21888  1920  21888 
 19200  2153  384  21888  2153  21888 
 19200  2304  384  21888  2304  21888 
 19200  768  384  21888  768  21888 
 1920  1152  384  21888  1152  21888 
 1920  1536  384  21888  1536  21888 
 1920  1920  384  21888  1920  21888 
 1920  2153  384  21888  2153  21888 
 1920  2304  384  21888  2304  21888 
 1920  768  384  21888  768  21888 
 19584  1152  384  21888  1152  21888 
 19584  2153  384  21888  2153  21888 
 19584  2304  384  21888  2304  21888 
 19584  384  384  21888  384  21888 
 19584  768  384  21888  768  21888 
 19968  1536  384  21888  1536  21888 
 19968  1920  384  21888  1920  21888 
 19968  2153  384  21888  2153  21888 
 19968  2304  384  21888  2304  21888 
 19968  384  384  21888  384  21888 
 20352  1152  384  21888  1152  21888 
 20352  1536  384  21888  1536  21888 
 20352  1920  384  21888  1920  21888 
 20352  2153  384  21888  2153  21888 
 20352  2304  384  21888  2304  21888 
 20352  768  384  21888  768  21888 
 20736  1152  384  21888  1152  21888 
 20736  2153  384  21888  2153  21888 
 20736  2304  384  21888  2304  21888 
 20736  384  384  21888  384  21888 
 20736  768  384  21888  768  21888 
 21120  1536  384  21888  1536  21888 
 21120  1920  384  21888  1920  21888 
 21120  2153  384  21888  2153  21888 
 21120  2304  384  21888  2304  21888 
 21120  384  384  21888  384  21888 
 21504  1152  384  21888  1152  21888 
 21504  1536  384  21888  1536  21888 
 21504  1920  384  21888  1920  21888 
 21504  2153  384  21888  2153  21888 
 21504  2304  384  21888  2304  21888 
 21504  768  384  21888  768  21888 
 2304  1152  384  21888  1152  21888 
 2304  2153  384  21888  2153  21888 
 2304  2304  384  21888  2304  21888 
 2304  384  384  21888  384  21888 
 2304  768  384  21888  768  21888 
 2688  1536  384  21888  1536  21888 
 2688  1920  384  21888  1920  21888 
 2688  2153  384  21888  2153  21888 
 2688  2304  384  21888  2304  21888 
 2688  384  384  21888  384  21888 
 3072  1152  384  21888  1152  21888 
 3072  1536  384  21888  1536  21888 
 3072  1920  384  21888  1920  21888 
 3072  2153  384  21888  2153  21888 
 3072  2304  384  21888  2304  21888 
 3072  768  384  21888  768  21888 
 3456  1152  384  21888  1152  21888 
 3456  2153  384  21888  2153  21888 
 3456  2304  384  21888  2304  21888 
 3456  384  384  21888  384  21888 
 3456  768  384  21888  768  21888 
 3840  1536  384  21888  1536  21888 
 3840  1920  384  21888  1920  21888 
 3840  2153  384  21888  2153  21888 
 3840  2304  384  21888  2304  21888 
 3840  384  384  21888  384  21888 
 384  1385  384  21888  1385  21888 
 384  1769  384  21888  1769  21888 
 384  2153  384  21888  2153  21888 
 384  384  384  21888  384  21888 
 4224  1152  384  21888  1152  21888 
 4224  1536  384  21888  1536  21888 
 4224  1920  384  21888  1920  21888 
 4224  2153  384  21888  2153  21888 
 4224  2304  384  21888  2304  21888 
 4224  768  384  21888  768  21888 
 4608  1152  384  21888  1152  21888 
 4608  2153  384  21888  2153  21888 
 4608  2304  384  21888  2304  21888 
 4608  384  384  21888  384  21888 
 4608  768  384  21888  768  21888 
 4992  1536  384  21888  1536  21888 
 4992  1920  384  21888  1920  21888 
 4992  2153  384  21888  2153  21888 
 4992  2304  384  21888  2304  21888 
 4992  384  384  21888  384  21888 
 5376  1152  384  21888  1152  21888 
 5376  1536  384  21888  1536  21888 
 5376  1920  384  21888  1920  21888 
 5376  2153  384  21888  2153  21888 
 5376  2304  384  21888  2304  21888 
 5376  768  384  21888  768  21888 
 5760  1152  384  21888  1152  21888 
 5760  2153  384  21888  2153  21888 
 5760  2304  384  21888  2304  21888 
 5760  384  384  21888  384  21888 
 5760  768  384  21888  768  21888 
 6144  1536  384  21888  1536  21888 
 6144  1920  384  21888  1920  21888 
 6144  2153  384  21888  2153  21888 
 6144  2304  384  21888  2304  21888 
 6144  384  384  21888  384  21888 
 6528  1152  384  21888  1152  21888 
 6528  1536  384  21888  1536  21888 
 6528  1920  384  21888  1920  21888 
 6528  2153  384  21888  2153  21888 
 6528  2304  384  21888  2304  21888 
 6528  768  384  21888  768  21888 
 6912  1152  384  21888  1152  21888 
 6912  2153  384  21888  2153  21888 
 6912  2304  384  21888  2304  21888 
 6912  384  384  21888  384  21888 
 6912  768  384  21888  768  21888 
 7296  1536  384  21888  1536  21888 
 7296  1920  384  21888  1920  21888 
 7296  2153  384  21888  2153  21888 
 7296  2304  384  21888  2304  21888 
 7296  384  384  21888  384  21888 
 7680  1152  384  21888  1152  21888 
 7680  1536  384  21888  1536  21888 
 7680  1920  384  21888  1920  21888 
 7680  2153  384  21888  2153  21888 
 7680  2304  384  21888  2304  21888 
 7680  768  384  21888  768  21888 
 768  1152  384  21888  1152  21888 
 768  1536  384  21888  1536  21888 
 768  1920  384  21888  1920  21888 
 768  2153  384  21888  2153  21888 
 768  768  384  21888  768  21888 
 8064  1152  384  21888  1152  21888 
 8064  2153  384  21888  2153  21888 
 8064  2304  384  21888  2304  21888 
 8064  384  384  21888  384  21888 
 8064  768  384  21888  768  21888 
 8448  1536  384  21888  1536  21888 
 8448  1920  384  21888  1920  21888 
 8448  2153  384  21888  2153  21888 
 8448  2304  384  21888  2304  21888 
 8448  384  384  21888  384  21888 
 8832  1152  384  21888  1152  21888 
 8832  1536  384  21888  1536  21888 
 8832  1920  384  21888  1920  21888 
 8832  2153  384  21888  2153  21888 
 8832  2304  384  21888  2304  21888 
 8832  768  384  21888  768  21888 
 9216  1152  384  21888  1152  21888 
 9216  2153  384  21888  2153  21888 
 9216  2304  384  21888  2304  21888 
 9216  384  384  21888  384  21888 
 9216  768  384  21888  768  21888 
 9600  1536  384  21888  1536  21888 
 9600  1920  384  21888  1920  21888 
 9600  2153  384  21888  2153  21888 
 9600  2304  384  21888  2304  21888 
 9600  384  384  21888  384  21888 
 9984  1152  384  21888  1152  21888 
 9984  1536  384  21888  1536  21888 
 9984  1920  384  21888  1920  21888 
 9984  2153  384  21888  2153  21888 
 9984  2304  384  21888  2304  21888 
 9984  768  384  21888  768  21888 
